{
"count": 4804.0,
"mean": 103.68229600333055,
"std": 69.80068786059354,
"min": 0.0,
"25%": 51.58,
"50%": 75.81,
"75%": 166.71,
"max": 362.34,
"var": 4872.13602581201,
"greatter_than_range_count": 0,
"less_than_zero_count": 0,
"corr_gas_temp": 0.8284723982457134,
"corr_gas_rh": -0.7004205291020573,
"lower_thr": -121.11500000000002,
"upper_thr": 339.40500000000003,
"outiler_lower_count": 0,
"outiler_upper_count": 21
}