{
"count": 4998.0,
"mean": 112.74128851540615,
"std": 84.13573880240601,
"min": -5.45,
"25%": 52.08,
"50%": 78.17,
"75%": 170.8575,
"max": 388.24,
"var": 7078.822543826688,
"greatter_than_range_count": 0,
"less_than_zero_count": 13,
"corr_gas_temp": 0.8597534611826642,
"corr_gas_rh": -0.736035486191802,
"lower_thr": -126.08624999999999,
"upper_thr": 349.02374999999995,
"outiler_lower_count": 0,
"outiler_upper_count": 183
}