{
"count": 67275.0,
"mean": 3323.4506998141956,
"std": 2356.4232392761483,
"min": 0.0,
"25%": 850.65,
"50%": 3839.98,
"75%": 5429.78,
"max": 10872.97,
"var": 5552730.4826006945,
"greatter_than_range_count": 0,
"less_than_zero_count": 0,
"corr_gas_temp": 0.2342760477678263,
"corr_gas_rh": -0.24728235362073517,
"lower_thr": -6018.045,
"upper_thr": 12298.474999999999,
"outiler_lower_count": 0,
"outiler_upper_count": 0
}